v  35.0000 60.0000 -0.0000
v  34.5117 61.8457 -0.0000
v  35.0781 62.4609 -0.0000
v  36.2305 61.8457 -0.0000
v  37.5000 60.0000 -0.0000
v  32.2875 60.0000 13.7375
v  31.8371 61.8457 13.5458
v  32.3596 62.4609 13.7682
v  33.4226 61.8457 14.2205
v  34.5938 60.0000 14.7188
v  24.8500 60.0000 24.8500
v  24.5033 61.8457 24.5033
v  24.9055 62.4609 24.9055
v  25.7236 61.8457 25.7236
v  26.6250 60.0000 26.6250
v  13.7375 60.0000 32.2875
v  13.5458 61.8457 31.8371
v  13.7682 62.4609 32.3596
v  14.2205 61.8457 33.4226
v  14.7188 60.0000 34.5938
v  0.0000 60.0000 35.0000
v  0.0000 61.8457 34.5117
v  0.0000 62.4609 35.0781
v  0.0000 61.8457 36.2305
v  0.0000 60.0000 37.5000
v  -14.6867 60.0000 32.2875
v  -13.9463 61.8457 31.8371
v  -13.8868 62.4609 32.3596
v  -14.2353 61.8457 33.4226
v  -14.7188 60.0000 34.5938
v  -25.6937 60.0000 24.8500
v  -24.8593 61.8457 24.5033
v  -25.0109 62.4609 24.9055
v  -25.7368 61.8457 25.7236
v  -26.6250 60.0000 26.6250
v  -32.6039 60.0000 13.7375
v  -31.9705 61.8457 13.5458
v  -32.3991 62.4609 13.7682
v  -33.4275 61.8457 14.2205
v  -34.5938 60.0000 14.7188
v  -35.0000 60.0000 -0.0000
v  -34.5117 61.8457 -0.0000
v  -35.0781 62.4609 -0.0000
v  -36.2305 61.8457 -0.0000
v  -37.5000 60.0000 -0.0000
v  -32.2875 60.0000 -13.7375
v  -31.8371 61.8457 -13.5458
v  -32.3596 62.4609 -13.7682
v  -33.4226 61.8457 -14.2205
v  -34.5938 60.0000 -14.7188
v  -24.8500 60.0000 -24.8500
v  -24.5033 61.8457 -24.5033
v  -24.9055 62.4609 -24.9055
v  -25.7236 61.8457 -25.7236
v  -26.6250 60.0000 -26.6250
v  -13.7375 60.0000 -32.2875
v  -13.5458 61.8457 -31.8371
v  -13.7682 62.4609 -32.3596
v  -14.2205 61.8457 -33.4226
v  -14.7188 60.0000 -34.5938
v  0.0000 60.0000 -35.0000
v  0.0000 61.8457 -34.5117
v  0.0000 62.4609 -35.0781
v  0.0000 61.8457 -36.2305
v  0.0000 60.0000 -37.5000
v  13.7375 60.0000 -32.2875
v  13.5458 61.8457 -31.8371
v  13.7682 62.4609 -32.3596
v  14.2205 61.8457 -33.4226
v  14.7188 60.0000 -34.5938
v  24.8500 60.0000 -24.8500
v  24.5033 61.8457 -24.5033
v  24.9055 62.4609 -24.9055
v  25.7236 61.8457 -25.7236
v  26.6250 60.0000 -26.6250
v  32.2875 60.0000 -13.7375
v  31.8371 61.8457 -13.5458
v  32.3596 62.4609 -13.7682
v  33.4226 61.8457 -14.2205
v  34.5938 60.0000 -14.7188
v  42.0898 50.1856 -0.0000
v  46.0938 40.5469 -0.0000
v  48.9258 31.2598 -0.0000
v  50.0000 22.5000 -0.0000
v  38.8279 50.1856 16.5203
v  42.5215 40.5469 18.0918
v  45.1340 31.2598 19.2034
v  46.1250 22.5000 19.6250
v  29.8838 50.1856 29.8838
v  32.7266 40.5469 32.7266
v  34.7373 31.2598 34.7373
v  35.5000 22.5000 35.5000
v  16.5203 50.1856 38.8279
v  18.0918 40.5469 42.5215
v  19.2034 31.2598 45.1340
v  19.6250 22.5000 46.1250
v  0.0000 50.1856 42.0898
v  0.0000 40.5469 46.0938
v  0.0000 31.2598 48.9258
v  0.0000 22.5000 50.0000
v  -16.5203 50.1856 38.8279
v  -18.0918 40.5469 42.5215
v  -19.2034 31.2598 45.1340
v  -19.6250 22.5000 46.1250
v  -29.8838 50.1856 29.8838
v  -32.7266 40.5469 32.7266
v  -34.7373 31.2598 34.7373
v  -35.5000 22.5000 35.5000
v  -38.8279 50.1856 16.5203
v  -42.5215 40.5469 18.0918
v  -45.1340 31.2598 19.2034
v  -46.1250 22.5000 19.6250
v  -42.0898 50.1856 -0.0000
v  -46.0938 40.5469 -0.0000
v  -48.9258 31.2598 -0.0000
v  -50.0000 22.5000 -0.0000
v  -38.8279 50.1856 -16.5203
v  -42.5215 40.5469 -18.0918
v  -45.1340 31.2598 -19.2034
v  -46.1250 22.5000 -19.6250
v  -29.8838 50.1856 -29.8838
v  -32.7266 40.5469 -32.7266
v  -34.7373 31.2598 -34.7373
v  -35.5000 22.5000 -35.5000
v  -16.5203 50.1856 -38.8279
v  -18.0918 40.5469 -42.5215
v  -19.2034 31.2598 -45.1340
v  -19.6250 22.5000 -46.1250
v  0.0000 50.1856 -42.0898
v  0.0000 40.5469 -46.0938
v  0.0000 31.2598 -48.9258
v  0.0000 22.5000 -50.0000
v  16.5203 50.1856 -38.8279
v  18.0918 40.5469 -42.5215
v  19.2034 31.2598 -45.1340
v  19.6250 22.5000 -46.1250
v  29.8838 50.1856 -29.8838
v  32.7266 40.5469 -32.7266
v  34.7373 31.2598 -34.7373
v  35.5000 22.5000 -35.5000
v  38.8279 50.1856 -16.5203
v  42.5215 40.5469 -18.0918
v  45.1340 31.2598 -19.2034
v  46.1250 22.5000 -19.6250
v  48.0469 15.0879 -0.0000
v  43.7500 9.6094 -0.0000
v  39.4531 5.8887 -0.0000
v  37.5000 3.7500 -0.0000
v  44.3232 15.0879 18.8584
v  40.3594 9.6094 17.1719
v  36.3955 5.8887 15.4854
v  34.5938 3.7500 14.7188
v  34.1133 15.0879 34.1133
v  31.0625 9.6094 31.0625
v  28.0117 5.8887 28.0117
v  26.6250 3.7500 26.6250
v  18.8584 15.0879 44.3232
v  17.1719 9.6094 40.3594
v  15.4854 5.8887 36.3955
v  14.7188 3.7500 34.5938
v  0.0000 15.0879 48.0469
v  0.0000 9.6094 43.7500
v  0.0000 5.8887 39.4531
v  0.0000 3.7500 37.5000
v  -18.8584 15.0879 44.3232
v  -17.1719 9.6094 40.3594
v  -15.4854 5.8887 36.3955
v  -14.7188 3.7500 34.5938
v  -34.1133 15.0879 34.1133
v  -31.0625 9.6094 31.0625
v  -28.0117 5.8887 28.0117
v  -26.6250 3.7500 26.6250
v  -44.3232 15.0879 18.8584
v  -40.3594 9.6094 17.1719
v  -36.3955 5.8887 15.4854
v  -34.5938 3.7500 14.7188
v  -48.0469 15.0879 -0.0000
v  -43.7500 9.6094 -0.0000
v  -39.4531 5.8887 -0.0000
v  -37.5000 3.7500 -0.0000
v  -44.3232 15.0879 -18.8584
v  -40.3594 9.6094 -17.1719
v  -36.3955 5.8887 -15.4854
v  -34.5938 3.7500 -14.7188
v  -34.1133 15.0879 -34.1133
v  -31.0625 9.6094 -31.0625
v  -28.0117 5.8887 -28.0117
v  -26.6250 3.7500 -26.6250
v  -18.8584 15.0879 -44.3232
v  -17.1719 9.6094 -40.3594
v  -15.4854 5.8887 -36.3955
v  -14.7188 3.7500 -34.5938
v  0.0000 15.0879 -48.0469
v  0.0000 9.6094 -43.7500
v  0.0000 5.8887 -39.4531
v  0.0000 3.7500 -37.5000
v  18.8584 15.0879 -44.3232
v  17.1719 9.6094 -40.3594
v  15.4854 5.8887 -36.3955
v  14.7188 3.7500 -34.5938
v  34.1133 15.0879 -34.1133
v  31.0625 9.6094 -31.0625
v  28.0117 5.8887 -28.0117
v  26.6250 3.7500 -26.6250
v  44.3232 15.0879 -18.8584
v  40.3594 9.6094 -17.1719
v  36.3955 5.8887 -15.4854
v  34.5938 3.7500 -14.7188
v  36.6504 2.3730 -0.0000
v  32.1094 1.1719 -0.0000
v  20.8887 0.3223 -0.0000
v  0.0000 0.0000 -0.0000
v  33.8100 2.3730 14.3853
v  29.6209 1.1719 12.6029
v  19.2698 0.3223 8.1988
v  26.0218 2.3730 26.0218
v  22.7977 1.1719 22.7977
v  14.8310 0.3223 14.8310
v  14.3853 2.3730 33.8100
v  12.6029 1.1719 29.6209
v  8.1988 0.3223 19.2698
v  0.0000 2.3730 36.6504
v  0.0000 1.1719 32.1094
v  0.0000 0.3223 20.8887
v  -14.3853 2.3730 33.8100
v  -12.6029 1.1719 29.6209
v  -8.1988 0.3223 19.2698
v  -26.0218 2.3730 26.0218
v  -22.7977 1.1719 22.7977
v  -14.8310 0.3223 14.8310
v  -33.8100 2.3730 14.3853
v  -29.6209 1.1719 12.6029
v  -19.2698 0.3223 8.1988
v  -36.6504 2.3730 -0.0000
v  -32.1094 1.1719 -0.0000
v  -20.8887 0.3223 -0.0000
v  -33.8100 2.3730 -14.3853
v  -29.6209 1.1719 -12.6029
v  -19.2698 0.3223 -8.1988
v  -26.0218 2.3730 -26.0218
v  -22.7977 1.1719 -22.7977
v  -14.8310 0.3223 -14.8310
v  -14.3853 2.3730 -33.8100
v  -12.6029 1.1719 -29.6209
v  -8.1988 0.3223 -19.2698
v  0.0000 2.3730 -36.6504
v  0.0000 1.1719 -32.1094
v  0.0000 0.3223 -20.8887
v  14.3853 2.3730 -33.8100
v  12.6029 1.1719 -29.6209
v  8.1988 0.3223 -19.2698
v  26.0218 2.3730 -26.0218
v  22.7977 1.1719 -22.7977
v  14.8310 0.3223 -14.8310
v  33.8100 2.3730 -14.3853
v  29.6209 1.1719 -12.6029
v  19.2698 0.3223 -8.1988
v  -40.0000 50.6250 -0.0000
v  -51.6797 50.5371 -0.0000
v  -60.3125 49.9219 -0.0000
v  -65.6641 48.2520 -0.0000
v  -67.5000 45.0000 -0.0000
v  -39.6094 51.5039 4.2188
v  -52.0276 51.4023 4.2188
v  -61.1426 50.6909 4.2188
v  -66.7566 48.7601 4.2188
v  -68.6719 45.0000 4.2188
v  -38.7500 53.4375 5.6250
v  -52.7930 53.3057 5.6250
v  -62.9688 52.3828 5.6250
v  -69.1601 49.8779 5.6250
v  -71.2500 45.0000 5.6250
v  -37.8906 55.3711 4.2188
v  -53.5583 55.2090 4.2188
v  -64.7949 54.0747 4.2188
v  -71.5637 50.9958 4.2188
v  -73.8281 45.0000 4.2188
v  -37.5000 56.2500 -0.0000
v  -53.9063 56.0742 -0.0000
v  -65.6250 54.8437 -0.0000
v  -72.6563 51.5039 -0.0000
v  -75.0000 45.0000 -0.0000
v  -37.8906 55.3711 -4.2188
v  -53.5583 55.2090 -4.2188
v  -64.7949 54.0747 -4.2188
v  -71.5637 50.9958 -4.2188
v  -73.8281 45.0000 -4.2188
v  -38.7500 53.4375 -5.6250
v  -52.7930 53.3057 -5.6250
v  -62.9688 52.3828 -5.6250
v  -69.1602 49.8779 -5.6250
v  -71.2500 45.0000 -5.6250
v  -39.6094 51.5039 -4.2188
v  -52.0276 51.4023 -4.2188
v  -61.1426 50.6909 -4.2188
v  -66.7566 48.7601 -4.2188
v  -68.6719 45.0000 -4.2188
v  -66.5234 39.9023 -0.0000
v  -63.4375 33.7500 -0.0000
v  -58.0078 27.5977 -0.0000
v  -50.0000 22.5000 -0.0000
v  -67.5885 39.4102 4.2188
v  -64.1943 32.9993 4.2188
v  -58.2733 26.6707 4.2188
v  -49.6094 21.3281 4.2188
v  -69.9316 38.3276 5.6250
v  -65.8594 31.3477 5.6250
v  -58.8574 24.6313 5.6250
v  -48.7500 18.7500 5.6250
v  -72.2748 37.2450 4.2188
v  -67.5244 29.6960 4.2188
v  -59.4415 22.5920 4.2188
v  -47.8906 16.1719 4.2188
v  -73.3398 36.7529 -0.0000
v  -68.2813 28.9453 -0.0000
v  -59.7070 21.6650 -0.0000
v  -47.5000 15.0000 -0.0000
v  -72.2748 37.2450 -4.2188
v  -67.5244 29.6960 -4.2188
v  -59.4415 22.5920 -4.2188
v  -47.8906 16.1719 -4.2188
v  -69.9316 38.3276 -5.6250
v  -65.8594 31.3477 -5.6250
v  -58.8574 24.6313 -5.6250
v  -48.7500 18.7500 -5.6250
v  -67.5885 39.4102 -4.2188
v  -64.1943 32.9993 -4.2188
v  -58.2733 26.6707 -4.2188
v  -49.6094 21.3281 -4.2188
v  42.5000 35.6250 -0.0000
v  54.4922 38.3789 -0.0000
v  59.6875 45.0000 -0.0000
v  62.5391 53.0273 -0.0000
v  67.5000 60.0000 -0.0000
v  42.5000 32.4023 9.2813
v  55.4077 35.9894 8.3804
v  60.8594 43.6084 6.3984
v  63.9673 52.5238 4.4165
v  69.8438 60.0000 3.5156
v  42.5000 25.3125 12.3750
v  57.4219 30.7324 11.1738
v  63.4375 40.5469 8.5313
v  67.1094 51.4160 5.8887
v  75.0000 60.0000 4.6875
v  42.5000 18.2227 9.2813
v  59.4360 25.4755 8.3804
v  66.0156 37.4853 6.3984
v  70.2515 50.3082 4.4165
v  80.1563 60.0000 3.5156
v  42.5000 15.0000 -0.0000
v  60.3516 23.0859 -0.0000
v  67.1875 36.0937 -0.0000
v  71.6797 49.8047 -0.0000
v  82.5000 60.0000 -0.0000
v  42.5000 18.2227 -9.2813
v  59.4360 25.4755 -8.3804
v  66.0156 37.4853 -6.3984
v  70.2515 50.3082 -4.4165
v  80.1563 60.0000 -3.5156
v  42.5000 25.3125 -12.3750
v  57.4219 30.7324 -11.1738
v  63.4375 40.5469 -8.5313
v  67.1094 51.4160 -5.8887
v  75.0000 60.0000 -4.6875
v  42.5000 32.4023 -9.2813
v  55.4077 35.9894 -8.3804
v  60.8594 43.6084 -6.3984
v  63.9673 52.5238 -4.4165
v  69.8438 60.0000 -3.5156
v  69.2969 61.0547 -0.0000
v  70.6250 61.4063 -0.0000
v  71.0156 61.0547 -0.0000
v  70.0000 60.0000 -0.0000
v  71.8069 61.1062 3.2959
v  72.9809 61.4886 2.8125
v  73.0161 61.1268 2.3291
v  71.5625 60.0000 2.1094
v  77.3291 61.2195 4.3945
v  78.1641 61.6699 3.7500
v  77.4170 61.2854 3.1055
v  75.0000 60.0000 2.8125
v  82.8513 61.3328 3.2959
v  83.3472 61.8512 2.8125
v  81.8179 61.4440 2.3291
v  78.4375 60.0000 2.1094
v  85.3613 61.3843 -0.0000
v  85.7031 61.9336 -0.0000
v  83.8184 61.5161 -0.0000
v  80.0000 60.0000 -0.0000
v  82.8513 61.3328 -3.2959
v  83.3472 61.8512 -2.8125
v  81.8179 61.4440 -2.3291
v  78.4375 60.0000 -2.1094
v  77.3291 61.2195 -4.3945
v  78.1641 61.6699 -3.7500
v  77.4170 61.2854 -3.1055
v  75.0000 60.0000 -2.8125
v  71.8069 61.1062 -3.2959
v  72.9810 61.4886 -2.8125
v  73.0161 61.1268 -2.3291
v  71.5625 60.0000 -2.1094
v  0.0000 78.7500 -0.0000
v  8.5156 77.5195 -0.0000
v  8.1250 74.5313 -0.0000
v  4.9219 70.8398 -0.0000
v  5.0000 67.5000 -0.0000
v  7.8586 77.5195 3.3513
v  7.4979 74.5313 3.1970
v  4.5414 70.8398 1.9348
v  4.6125 67.5000 1.9625
v  6.0540 77.5195 6.0540
v  5.7758 74.5313 5.7758
v  3.4972 70.8398 3.4972
v  3.5500 67.5000 3.5500
v  3.3513 77.5195 7.8586
v  3.1970 74.5313 7.4979
v  1.9348 70.8398 4.5414
v  1.9625 67.5000 4.6125
v  0.0000 77.5195 8.5156
v  0.0000 74.5313 8.1250
v  0.0000 70.8398 4.9219
v  0.0000 67.5000 5.0000
v  -3.3513 77.5195 7.8586
v  -3.1970 74.5313 7.4979
v  -1.9348 70.8398 4.5414
v  -1.9625 67.5000 4.6125
v  -6.0540 77.5195 6.0540
v  -5.7758 74.5313 5.7758
v  -3.4972 70.8398 3.4972
v  -3.5500 67.5000 3.5500
v  -7.8586 77.5195 3.3513
v  -7.4979 74.5313 3.1970
v  -4.5414 70.8398 1.9348
v  -4.6125 67.5000 1.9625
v  -8.5156 77.5195 -0.0000
v  -8.1250 74.5313 -0.0000
v  -4.9219 70.8398 -0.0000
v  -5.0000 67.5000 -0.0000
v  -7.8586 77.5195 -3.3513
v  -7.4979 74.5313 -3.1970
v  -4.5414 70.8398 -1.9348
v  -4.6125 67.5000 -1.9625
v  -6.0540 77.5195 -6.0540
v  -5.7758 74.5313 -5.7758
v  -3.4972 70.8398 -3.4972
v  -3.5500 67.5000 -3.5500
v  -3.3513 77.5195 -7.8586
v  -3.1970 74.5313 -7.4979
v  -1.9348 70.8398 -4.5414
v  -1.9625 67.5000 -4.6125
v  0.0000 77.5195 -8.5156
v  0.0000 74.5313 -8.1250
v  0.0000 70.8398 -4.9219
v  0.0000 67.5000 -5.0000
v  3.3513 77.5195 -7.8586
v  3.1970 74.5313 -7.4979
v  1.9348 70.8398 -4.5414
v  1.9625 67.5000 -4.6125
v  6.0540 77.5195 -6.0540
v  5.7758 74.5313 -5.7758
v  3.4972 70.8398 -3.4972
v  3.5500 67.5000 -3.5500
v  7.8586 77.5195 -3.3513
v  7.4979 74.5313 -3.1970
v  4.5414 70.8398 -1.9348
v  4.6125 67.5000 -1.9625
v  11.4063 65.2734 -0.0000
v  20.6250 63.7500 -0.0000
v  28.9063 62.2266 -0.0000
v  32.5000 60.0000 -0.0000
v  10.5223 65.2734 4.4770
v  19.0266 63.7500 8.0953
v  26.6660 62.2266 11.3457
v  29.9812 60.0000 12.7562
v  8.0984 65.2734 8.0984
v  14.6437 63.7500 14.6437
v  20.5234 62.2266 20.5234
v  23.0750 60.0000 23.0750
v  4.4770 65.2734 10.5223
v  8.0953 63.7500 19.0266
v  11.3457 62.2266 26.6660
v  12.7562 60.0000 29.9812
v  0.0000 65.2734 11.4063
v  0.0000 63.7500 20.6250
v  0.0000 62.2266 28.9063
v  0.0000 60.0000 32.5000
v  -4.4770 65.2734 10.5223
v  -8.0953 63.7500 19.0266
v  -11.3457 62.2266 26.6660
v  -12.7562 60.0000 29.9812
v  -8.0984 65.2734 8.0984
v  -14.6437 63.7500 14.6437
v  -20.5234 62.2266 20.5234
v  -23.0750 60.0000 23.0750
v  -10.5223 65.2734 4.4770
v  -19.0266 63.7500 8.0953
v  -26.6660 62.2266 11.3457
v  -29.9812 60.0000 12.7562
v  -11.4063 65.2734 -0.0000
v  -20.6250 63.7500 -0.0000
v  -28.9063 62.2266 -0.0000
v  -32.5000 60.0000 -0.0000
v  -10.5223 65.2734 -4.4770
v  -19.0266 63.7500 -8.0953
v  -26.6660 62.2266 -11.3457
v  -29.9812 60.0000 -12.7562
v  -8.0984 65.2734 -8.0984
v  -14.6437 63.7500 -14.6437
v  -20.5234 62.2266 -20.5234
v  -23.0750 60.0000 -23.0750
v  -4.4770 65.2734 -10.5223
v  -8.0953 63.7500 -19.0266
v  -11.3457 62.2266 -26.6660
v  -12.7562 60.0000 -29.9812
v  0.0000 65.2734 -11.4063
v  0.0000 63.7500 -20.6250
v  0.0000 62.2266 -28.9063
v  0.0000 60.0000 -32.5000
v  4.4770 65.2734 -10.5223
v  8.0953 63.7500 -19.0266
v  11.3457 62.2266 -26.6660
v  12.7562 60.0000 -29.9812
v  8.0984 65.2734 -8.0984
v  14.6437 63.7500 -14.6437
v  20.5234 62.2266 -20.5234
v  23.0750 60.0000 -23.0750
v  10.5223 65.2734 -4.4770
v  19.0266 63.7500 -8.0953
v  26.6660 62.2266 -11.3457
v  29.9812 60.0000 -12.7562
f 1 6 7 
f 7 2 1 
f 2 7 8 
f 8 3 2 
f 3 8 9 
f 9 4 3 
f 4 9 10 
f 10 5 4 
f 6 11 12 
f 12 7 6 
f 7 12 13 
f 13 8 7 
f 8 13 14 
f 14 9 8 
f 9 14 15 
f 15 10 9 
f 11 16 17 
f 17 12 11 
f 12 17 18 
f 18 13 12 
f 13 18 19 
f 19 14 13 
f 14 19 20 
f 20 15 14 
f 16 21 22 
f 22 17 16 
f 17 22 23 
f 23 18 17 
f 18 23 24 
f 24 19 18 
f 19 24 25 
f 25 20 19 
f 21 26 27 
f 27 22 21 
f 22 27 28 
f 28 23 22 
f 23 28 29 
f 29 24 23 
f 24 29 30 
f 30 25 24 
f 26 31 32 
f 32 27 26 
f 27 32 33 
f 33 28 27 
f 28 33 34 
f 34 29 28 
f 29 34 35 
f 35 30 29 
f 31 36 37 
f 37 32 31 
f 32 37 38 
f 38 33 32 
f 33 38 39 
f 39 34 33 
f 34 39 40 
f 40 35 34 
f 36 41 42 
f 42 37 36 
f 37 42 43 
f 43 38 37 
f 38 43 44 
f 44 39 38 
f 39 44 45 
f 45 40 39 
f 41 46 47 
f 47 42 41 
f 42 47 48 
f 48 43 42 
f 43 48 49 
f 49 44 43 
f 44 49 50 
f 50 45 44 
f 46 51 52 
f 52 47 46 
f 47 52 53 
f 53 48 47 
f 48 53 54 
f 54 49 48 
f 49 54 55 
f 55 50 49 
f 51 56 57 
f 57 52 51 
f 52 57 58 
f 58 53 52 
f 53 58 59 
f 59 54 53 
f 54 59 60 
f 60 55 54 
f 56 61 62 
f 62 57 56 
f 57 62 63 
f 63 58 57 
f 58 63 64 
f 64 59 58 
f 59 64 65 
f 65 60 59 
f 61 66 67 
f 67 62 61 
f 62 67 68 
f 68 63 62 
f 63 68 69 
f 69 64 63 
f 64 69 70 
f 70 65 64 
f 66 71 72 
f 72 67 66 
f 67 72 73 
f 73 68 67 
f 68 73 74 
f 74 69 68 
f 69 74 75 
f 75 70 69 
f 71 76 77 
f 77 72 71 
f 72 77 78 
f 78 73 72 
f 73 78 79 
f 79 74 73 
f 74 79 80 
f 80 75 74 
f 76 1 2 
f 2 77 76 
f 77 2 3 
f 3 78 77 
f 78 3 4 
f 4 79 78 
f 79 4 5 
f 5 80 79 
f 5 10 85 
f 85 81 5 
f 81 85 86 
f 86 82 81 
f 82 86 87 
f 87 83 82 
f 83 87 88 
f 88 84 83 
f 10 15 89 
f 89 85 10 
f 85 89 90 
f 90 86 85 
f 86 90 91 
f 91 87 86 
f 87 91 92 
f 92 88 87 
f 15 20 93 
f 93 89 15 
f 89 93 94 
f 94 90 89 
f 90 94 95 
f 95 91 90 
f 91 95 96 
f 96 92 91 
f 20 25 97 
f 97 93 20 
f 93 97 98 
f 98 94 93 
f 94 98 99 
f 99 95 94 
f 95 99 100 
f 100 96 95 
f 25 30 101 
f 101 97 25 
f 97 101 102 
f 102 98 97 
f 98 102 103 
f 103 99 98 
f 99 103 104 
f 104 100 99 
f 30 35 105 
f 105 101 30 
f 101 105 106 
f 106 102 101 
f 102 106 107 
f 107 103 102 
f 103 107 108 
f 108 104 103 
f 35 40 109 
f 109 105 35 
f 105 109 110 
f 110 106 105 
f 106 110 111 
f 111 107 106 
f 107 111 112 
f 112 108 107 
f 40 45 113 
f 113 109 40 
f 109 113 114 
f 114 110 109 
f 110 114 115 
f 115 111 110 
f 111 115 116 
f 116 112 111 
f 45 50 117 
f 117 113 45 
f 113 117 118 
f 118 114 113 
f 114 118 119 
f 119 115 114 
f 115 119 120 
f 120 116 115 
f 50 55 121 
f 121 117 50 
f 117 121 122 
f 122 118 117 
f 118 122 123 
f 123 119 118 
f 119 123 124 
f 124 120 119 
f 55 60 125 
f 125 121 55 
f 121 125 126 
f 126 122 121 
f 122 126 127 
f 127 123 122 
f 123 127 128 
f 128 124 123 
f 60 65 129 
f 129 125 60 
f 125 129 130 
f 130 126 125 
f 126 130 131 
f 131 127 126 
f 127 131 132 
f 132 128 127 
f 65 70 133 
f 133 129 65 
f 129 133 134 
f 134 130 129 
f 130 134 135 
f 135 131 130 
f 131 135 136 
f 136 132 131 
f 70 75 137 
f 137 133 70 
f 133 137 138 
f 138 134 133 
f 134 138 139 
f 139 135 134 
f 135 139 140 
f 140 136 135 
f 75 80 141 
f 141 137 75 
f 137 141 142 
f 142 138 137 
f 138 142 143 
f 143 139 138 
f 139 143 144 
f 144 140 139 
f 80 5 81 
f 81 141 80 
f 141 81 82 
f 82 142 141 
f 142 82 83 
f 83 143 142 
f 143 83 84 
f 84 144 143 
f 84 88 149 
f 149 145 84 
f 145 149 150 
f 150 146 145 
f 146 150 151 
f 151 147 146 
f 147 151 152 
f 152 148 147 
f 88 92 153 
f 153 149 88 
f 149 153 154 
f 154 150 149 
f 150 154 155 
f 155 151 150 
f 151 155 156 
f 156 152 151 
f 92 96 157 
f 157 153 92 
f 153 157 158 
f 158 154 153 
f 154 158 159 
f 159 155 154 
f 155 159 160 
f 160 156 155 
f 96 100 161 
f 161 157 96 
f 157 161 162 
f 162 158 157 
f 158 162 163 
f 163 159 158 
f 159 163 164 
f 164 160 159 
f 100 104 165 
f 165 161 100 
f 161 165 166 
f 166 162 161 
f 162 166 167 
f 167 163 162 
f 163 167 168 
f 168 164 163 
f 104 108 169 
f 169 165 104 
f 165 169 170 
f 170 166 165 
f 166 170 171 
f 171 167 166 
f 167 171 172 
f 172 168 167 
f 108 112 173 
f 173 169 108 
f 169 173 174 
f 174 170 169 
f 170 174 175 
f 175 171 170 
f 171 175 176 
f 176 172 171 
f 112 116 177 
f 177 173 112 
f 173 177 178 
f 178 174 173 
f 174 178 179 
f 179 175 174 
f 175 179 180 
f 180 176 175 
f 116 120 181 
f 181 177 116 
f 177 181 182 
f 182 178 177 
f 178 182 183 
f 183 179 178 
f 179 183 184 
f 184 180 179 
f 120 124 185 
f 185 181 120 
f 181 185 186 
f 186 182 181 
f 182 186 187 
f 187 183 182 
f 183 187 188 
f 188 184 183 
f 124 128 189 
f 189 185 124 
f 185 189 190 
f 190 186 185 
f 186 190 191 
f 191 187 186 
f 187 191 192 
f 192 188 187 
f 128 132 193 
f 193 189 128 
f 189 193 194 
f 194 190 189 
f 190 194 195 
f 195 191 190 
f 191 195 196 
f 196 192 191 
f 132 136 197 
f 197 193 132 
f 193 197 198 
f 198 194 193 
f 194 198 199 
f 199 195 194 
f 195 199 200 
f 200 196 195 
f 136 140 201 
f 201 197 136 
f 197 201 202 
f 202 198 197 
f 198 202 203 
f 203 199 198 
f 199 203 204 
f 204 200 199 
f 140 144 205 
f 205 201 140 
f 201 205 206 
f 206 202 201 
f 202 206 207 
f 207 203 202 
f 203 207 208 
f 208 204 203 
f 144 84 145 
f 145 205 144 
f 205 145 146 
f 146 206 205 
f 206 146 147 
f 147 207 206 
f 207 147 148 
f 148 208 207 
f 148 152 213 
f 213 209 148 
f 209 213 214 
f 214 210 209 
f 210 214 215 
f 215 211 210 
f 211 215 212 
f 212 212 211 
f 152 156 216 
f 216 213 152 
f 213 216 217 
f 217 214 213 
f 214 217 218 
f 218 215 214 
f 215 218 212 
f 212 212 215 
f 156 160 219 
f 219 216 156 
f 216 219 220 
f 220 217 216 
f 217 220 221 
f 221 218 217 
f 218 221 212 
f 212 212 218 
f 160 164 222 
f 222 219 160 
f 219 222 223 
f 223 220 219 
f 220 223 224 
f 224 221 220 
f 221 224 212 
f 212 212 221 
f 164 168 225 
f 225 222 164 
f 222 225 226 
f 226 223 222 
f 223 226 227 
f 227 224 223 
f 224 227 212 
f 212 212 224 
f 168 172 228 
f 228 225 168 
f 225 228 229 
f 229 226 225 
f 226 229 230 
f 230 227 226 
f 227 230 212 
f 212 212 227 
f 172 176 231 
f 231 228 172 
f 228 231 232 
f 232 229 228 
f 229 232 233 
f 233 230 229 
f 230 233 212 
f 212 212 230 
f 176 180 234 
f 234 231 176 
f 231 234 235 
f 235 232 231 
f 232 235 236 
f 236 233 232 
f 233 236 212 
f 212 212 233 
f 180 184 237 
f 237 234 180 
f 234 237 238 
f 238 235 234 
f 235 238 239 
f 239 236 235 
f 236 239 212 
f 212 212 236 
f 184 188 240 
f 240 237 184 
f 237 240 241 
f 241 238 237 
f 238 241 242 
f 242 239 238 
f 239 242 212 
f 212 212 239 
f 188 192 243 
f 243 240 188 
f 240 243 244 
f 244 241 240 
f 241 244 245 
f 245 242 241 
f 242 245 212 
f 212 212 242 
f 192 196 246 
f 246 243 192 
f 243 246 247 
f 247 244 243 
f 244 247 248 
f 248 245 244 
f 245 248 212 
f 212 212 245 
f 196 200 249 
f 249 246 196 
f 246 249 250 
f 250 247 246 
f 247 250 251 
f 251 248 247 
f 248 251 212 
f 212 212 248 
f 200 204 252 
f 252 249 200 
f 249 252 253 
f 253 250 249 
f 250 253 254 
f 254 251 250 
f 251 254 212 
f 212 212 251 
f 204 208 255 
f 255 252 204 
f 252 255 256 
f 256 253 252 
f 253 256 257 
f 257 254 253 
f 254 257 212 
f 212 212 254 
f 208 148 209 
f 209 255 208 
f 255 209 210 
f 210 256 255 
f 256 210 211 
f 211 257 256 
f 257 211 212 
f 212 212 257 
f 258 263 264 
f 264 259 258 
f 259 264 265 
f 265 260 259 
f 260 265 266 
f 266 261 260 
f 261 266 267 
f 267 262 261 
f 263 268 269 
f 269 264 263 
f 264 269 270 
f 270 265 264 
f 265 270 271 
f 271 266 265 
f 266 271 272 
f 272 267 266 
f 268 273 274 
f 274 269 268 
f 269 274 275 
f 275 270 269 
f 270 275 276 
f 276 271 270 
f 271 276 277 
f 277 272 271 
f 273 278 279 
f 279 274 273 
f 274 279 280 
f 280 275 274 
f 275 280 281 
f 281 276 275 
f 276 281 282 
f 282 277 276 
f 278 283 284 
f 284 279 278 
f 279 284 285 
f 285 280 279 
f 280 285 286 
f 286 281 280 
f 281 286 287 
f 287 282 281 
f 283 288 289 
f 289 284 283 
f 284 289 290 
f 290 285 284 
f 285 290 291 
f 291 286 285 
f 286 291 292 
f 292 287 286 
f 288 293 294 
f 294 289 288 
f 289 294 295 
f 295 290 289 
f 290 295 296 
f 296 291 290 
f 291 296 297 
f 297 292 291 
f 293 258 259 
f 259 294 293 
f 294 259 260 
f 260 295 294 
f 295 260 261 
f 261 296 295 
f 296 261 262 
f 262 297 296 
f 262 267 302 
f 302 298 262 
f 298 302 303 
f 303 299 298 
f 299 303 304 
f 304 300 299 
f 300 304 305 
f 305 301 300 
f 267 272 306 
f 306 302 267 
f 302 306 307 
f 307 303 302 
f 303 307 308 
f 308 304 303 
f 304 308 309 
f 309 305 304 
f 272 277 310 
f 310 306 272 
f 306 310 311 
f 311 307 306 
f 307 311 312 
f 312 308 307 
f 308 312 313 
f 313 309 308 
f 277 282 314 
f 314 310 277 
f 310 314 315 
f 315 311 310 
f 311 315 316 
f 316 312 311 
f 312 316 317 
f 317 313 312 
f 282 287 318 
f 318 314 282 
f 314 318 319 
f 319 315 314 
f 315 319 320 
f 320 316 315 
f 316 320 321 
f 321 317 316 
f 287 292 322 
f 322 318 287 
f 318 322 323 
f 323 319 318 
f 319 323 324 
f 324 320 319 
f 320 324 325 
f 325 321 320 
f 292 297 326 
f 326 322 292 
f 322 326 327 
f 327 323 322 
f 323 327 328 
f 328 324 323 
f 324 328 329 
f 329 325 324 
f 297 262 298 
f 298 326 297 
f 326 298 299 
f 299 327 326 
f 327 299 300 
f 300 328 327 
f 328 300 301 
f 301 329 328 
f 330 335 336 
f 336 331 330 
f 331 336 337 
f 337 332 331 
f 332 337 338 
f 338 333 332 
f 333 338 339 
f 339 334 333 
f 335 340 341 
f 341 336 335 
f 336 341 342 
f 342 337 336 
f 337 342 343 
f 343 338 337 
f 338 343 344 
f 344 339 338 
f 340 345 346 
f 346 341 340 
f 341 346 347 
f 347 342 341 
f 342 347 348 
f 348 343 342 
f 343 348 349 
f 349 344 343 
f 345 350 351 
f 351 346 345 
f 346 351 352 
f 352 347 346 
f 347 352 353 
f 353 348 347 
f 348 353 354 
f 354 349 348 
f 350 355 356 
f 356 351 350 
f 351 356 357 
f 357 352 351 
f 352 357 358 
f 358 353 352 
f 353 358 359 
f 359 354 353 
f 355 360 361 
f 361 356 355 
f 356 361 362 
f 362 357 356 
f 357 362 363 
f 363 358 357 
f 358 363 364 
f 364 359 358 
f 360 365 366 
f 366 361 360 
f 361 366 367 
f 367 362 361 
f 362 367 368 
f 368 363 362 
f 363 368 369 
f 369 364 363 
f 365 330 331 
f 331 366 365 
f 366 331 332 
f 332 367 366 
f 367 332 333 
f 333 368 367 
f 368 333 334 
f 334 369 368 
f 334 339 374 
f 374 370 334 
f 370 374 375 
f 375 371 370 
f 371 375 376 
f 376 372 371 
f 372 376 377 
f 377 373 372 
f 339 344 378 
f 378 374 339 
f 374 378 379 
f 379 375 374 
f 375 379 380 
f 380 376 375 
f 376 380 381 
f 381 377 376 
f 344 349 382 
f 382 378 344 
f 378 382 383 
f 383 379 378 
f 379 383 384 
f 384 380 379 
f 380 384 385 
f 385 381 380 
f 349 354 386 
f 386 382 349 
f 382 386 387 
f 387 383 382 
f 383 387 388 
f 388 384 383 
f 384 388 389 
f 389 385 384 
f 354 359 390 
f 390 386 354 
f 386 390 391 
f 391 387 386 
f 387 391 392 
f 392 388 387 
f 388 392 393 
f 393 389 388 
f 359 364 394 
f 394 390 359 
f 390 394 395 
f 395 391 390 
f 391 395 396 
f 396 392 391 
f 392 396 397 
f 397 393 392 
f 364 369 398 
f 398 394 364 
f 394 398 399 
f 399 395 394 
f 395 399 400 
f 400 396 395 
f 396 400 401 
f 401 397 396 
f 369 334 370 
f 370 398 369 
f 398 370 371 
f 371 399 398 
f 399 371 372 
f 372 400 399 
f 400 372 373 
f 373 401 400 
f 402 402 407 
f 407 403 402 
f 403 407 408 
f 408 404 403 
f 404 408 409 
f 409 405 404 
f 405 409 410 
f 410 406 405 
f 402 402 411 
f 411 407 402 
f 407 411 412 
f 412 408 407 
f 408 412 413 
f 413 409 408 
f 409 413 414 
f 414 410 409 
f 402 402 415 
f 415 411 402 
f 411 415 416 
f 416 412 411 
f 412 416 417 
f 417 413 412 
f 413 417 418 
f 418 414 413 
f 402 402 419 
f 419 415 402 
f 415 419 420 
f 420 416 415 
f 416 420 421 
f 421 417 416 
f 417 421 422 
f 422 418 417 
f 402 402 423 
f 423 419 402 
f 419 423 424 
f 424 420 419 
f 420 424 425 
f 425 421 420 
f 421 425 426 
f 426 422 421 
f 402 402 427 
f 427 423 402 
f 423 427 428 
f 428 424 423 
f 424 428 429 
f 429 425 424 
f 425 429 430 
f 430 426 425 
f 402 402 431 
f 431 427 402 
f 427 431 432 
f 432 428 427 
f 428 432 433 
f 433 429 428 
f 429 433 434 
f 434 430 429 
f 402 402 435 
f 435 431 402 
f 431 435 436 
f 436 432 431 
f 432 436 437 
f 437 433 432 
f 433 437 438 
f 438 434 433 
f 402 402 439 
f 439 435 402 
f 435 439 440 
f 440 436 435 
f 436 440 441 
f 441 437 436 
f 437 441 442 
f 442 438 437 
f 402 402 443 
f 443 439 402 
f 439 443 444 
f 444 440 439 
f 440 444 445 
f 445 441 440 
f 441 445 446 
f 446 442 441 
f 402 402 447 
f 447 443 402 
f 443 447 448 
f 448 444 443 
f 444 448 449 
f 449 445 444 
f 445 449 450 
f 450 446 445 
f 402 402 451 
f 451 447 402 
f 447 451 452 
f 452 448 447 
f 448 452 453 
f 453 449 448 
f 449 453 454 
f 454 450 449 
f 402 402 455 
f 455 451 402 
f 451 455 456 
f 456 452 451 
f 452 456 457 
f 457 453 452 
f 453 457 458 
f 458 454 453 
f 402 402 459 
f 459 455 402 
f 455 459 460 
f 460 456 455 
f 456 460 461 
f 461 457 456 
f 457 461 462 
f 462 458 457 
f 402 402 463 
f 463 459 402 
f 459 463 464 
f 464 460 459 
f 460 464 465 
f 465 461 460 
f 461 465 466 
f 466 462 461 
f 402 402 403 
f 403 463 402 
f 463 403 404 
f 404 464 463 
f 464 404 405 
f 405 465 464 
f 465 405 406 
f 406 466 465 
f 406 410 471 
f 471 467 406 
f 467 471 472 
f 472 468 467 
f 468 472 473 
f 473 469 468 
f 469 473 474 
f 474 470 469 
f 410 414 475 
f 475 471 410 
f 471 475 476 
f 476 472 471 
f 472 476 477 
f 477 473 472 
f 473 477 478 
f 478 474 473 
f 414 418 479 
f 479 475 414 
f 475 479 480 
f 480 476 475 
f 476 480 481 
f 481 477 476 
f 477 481 482 
f 482 478 477 
f 418 422 483 
f 483 479 418 
f 479 483 484 
f 484 480 479 
f 480 484 485 
f 485 481 480 
f 481 485 486 
f 486 482 481 
f 422 426 487 
f 487 483 422 
f 483 487 488 
f 488 484 483 
f 484 488 489 
f 489 485 484 
f 485 489 490 
f 490 486 485 
f 426 430 491 
f 491 487 426 
f 487 491 492 
f 492 488 487 
f 488 492 493 
f 493 489 488 
f 489 493 494 
f 494 490 489 
f 430 434 495 
f 495 491 430 
f 491 495 496 
f 496 492 491 
f 492 496 497 
f 497 493 492 
f 493 497 498 
f 498 494 493 
f 434 438 499 
f 499 495 434 
f 495 499 500 
f 500 496 495 
f 496 500 501 
f 501 497 496 
f 497 501 502 
f 502 498 497 
f 438 442 503 
f 503 499 438 
f 499 503 504 
f 504 500 499 
f 500 504 505 
f 505 501 500 
f 501 505 506 
f 506 502 501 
f 442 446 507 
f 507 503 442 
f 503 507 508 
f 508 504 503 
f 504 508 509 
f 509 505 504 
f 505 509 510 
f 510 506 505 
f 446 450 511 
f 511 507 446 
f 507 511 512 
f 512 508 507 
f 508 512 513 
f 513 509 508 
f 509 513 514 
f 514 510 509 
f 450 454 515 
f 515 511 450 
f 511 515 516 
f 516 512 511 
f 512 516 517 
f 517 513 512 
f 513 517 518 
f 518 514 513 
f 454 458 519 
f 519 515 454 
f 515 519 520 
f 520 516 515 
f 516 520 521 
f 521 517 516 
f 517 521 522 
f 522 518 517 
f 458 462 523 
f 523 519 458 
f 519 523 524 
f 524 520 519 
f 520 524 525 
f 525 521 520 
f 521 525 526 
f 526 522 521 
f 462 466 527 
f 527 523 462 
f 523 527 528 
f 528 524 523 
f 524 528 529 
f 529 525 524 
f 525 529 530 
f 530 526 525 
f 466 406 467 
f 467 527 466 
f 527 467 468 
f 468 528 527 
f 528 468 469 
f 469 529 528 
f 529 469 470 
f 470 530 529 